RGBA(0.370, 0.661, 0.420, 1.000)
RGBA(0.370, 0.661, 0.420, 1.000)
RGBA(0.000, 0.000, 1.000, 1.000)
RGBA(0.000, 0.000, 1.000, 1.000)
RGBA(0.000, 0.000, 1.000, 1.000)
RGBA(0.000, 0.000, 1.000, 1.000)
RGBA(0.000, 0.000, 1.000, 1.000)
RGBA(0.000, 0.000, 1.000, 1.000)
RGBA(0.102, 0.972, 0.559, 1.000)
RGBA(0.000, 0.000, 1.000, 1.000)
RGBA(0.000, 0.000, 1.000, 1.000)
RGBA(0.370, 0.661, 0.420, 1.000)
RGBA(0.262, 0.997, 0.202, 1.000)
RGBA(0.000, 0.000, 1.000, 1.000)
RGBA(0.000, 0.000, 1.000, 1.000)
RGBA(0.000, 0.000, 1.000, 1.000)
RGBA(0.000, 0.000, 1.000, 1.000)
RGBA(0.102, 0.972, 0.559, 1.000)
RGBA(0.547, 0.396, 0.123, 1.000)
RGBA(0.678, 0.132, 0.156, 1.000)
RGBA(0.000, 0.000, 1.000, 1.000)
RGBA(0.000, 0.000, 1.000, 1.000)
RGBA(0.000, 0.000, 1.000, 1.000)
RGBA(0.262, 0.997, 0.202, 1.000)
RGBA(0.000, 0.000, 1.000, 1.000)
RGBA(0.000, 0.000, 1.000, 1.000)
RGBA(0.678, 0.132, 0.156, 1.000)
RGBA(0.547, 0.396, 0.123, 1.000)
RGBA(0.000, 0.000, 1.000, 1.000)
RGBA(0.102, 0.972, 0.559, 1.000)
RGBA(0.000, 0.000, 1.000, 1.000)
RGBA(0.370, 0.661, 0.420, 1.000)
RGBA(0.000, 0.000, 1.000, 1.000)
RGBA(0.370, 0.661, 0.420, 1.000)
RGBA(0.370, 0.661, 0.420, 1.000)
RGBA(0.678, 0.132, 0.156, 1.000)
RGBA(0.102, 0.972, 0.559, 1.000)
RGBA(0.102, 0.972, 0.559, 1.000)
RGBA(0.961, 0.212, 0.994, 1.000)
RGBA(0.000, 0.000, 1.000, 1.000)
RGBA(0.000, 0.000, 1.000, 1.000)
RGBA(0.000, 0.000, 1.000, 1.000)
RGBA(0.370, 0.661, 0.420, 1.000)
RGBA(0.868, 0.397, 0.128, 1.000)
RGBA(0.868, 0.397, 0.128, 1.000)
RGBA(0.102, 0.972, 0.559, 1.000)
RGBA(0.102, 0.972, 0.559, 1.000)
RGBA(0.102, 0.972, 0.559, 1.000)
RGBA(0.961, 0.212, 0.994, 1.000)
RGBA(0.102, 0.972, 0.559, 1.000)
RGBA(0.000, 0.000, 1.000, 1.000)
RGBA(0.000, 0.000, 1.000, 1.000)
RGBA(0.000, 0.000, 1.000, 1.000)
RGBA(0.868, 0.397, 0.128, 1.000)
RGBA(0.868, 0.397, 0.128, 1.000)
RGBA(0.000, 0.000, 1.000, 1.000)
RGBA(0.102, 0.972, 0.559, 1.000)
RGBA(0.102, 0.972, 0.559, 1.000)
RGBA(0.102, 0.972, 0.559, 1.000)
RGBA(0.102, 0.972, 0.559, 1.000)
RGBA(0.000, 0.000, 1.000, 1.000)
RGBA(0.264, 0.642, 0.866, 1.000)
RGBA(0.264, 0.642, 0.866, 1.000)
RGBA(0.000, 0.000, 1.000, 1.000)
RGBA(0.000, 0.000, 1.000, 1.000)
RGBA(0.891, 0.907, 0.055, 1.000)
RGBA(0.102, 0.972, 0.559, 1.000)
RGBA(0.102, 0.972, 0.559, 1.000)
RGBA(0.102, 0.972, 0.559, 1.000)
RGBA(0.891, 0.907, 0.055, 1.000)
RGBA(0.000, 0.000, 1.000, 1.000)
RGBA(0.000, 0.000, 1.000, 1.000)
RGBA(0.000, 0.000, 1.000, 1.000)
RGBA(0.868, 0.397, 0.128, 1.000)
RGBA(0.868, 0.397, 0.128, 1.000)
RGBA(0.891, 0.907, 0.055, 1.000)
RGBA(0.891, 0.907, 0.055, 1.000)
RGBA(0.891, 0.907, 0.055, 1.000)
RGBA(0.891, 0.907, 0.055, 1.000)
RGBA(0.868, 0.397, 0.128, 1.000)
RGBA(0.000, 0.000, 1.000, 1.000)
RGBA(0.526, 0.103, 0.357, 1.000)
RGBA(0.526, 0.103, 0.357, 1.000)
RGBA(0.891, 0.907, 0.055, 1.000)
RGBA(0.891, 0.907, 0.055, 1.000)
RGBA(0.868, 0.397, 0.128, 1.000)
RGBA(0.891, 0.907, 0.055, 1.000)
RGBA(0.000, 0.000, 1.000, 1.000)
RGBA(0.000, 0.000, 1.000, 1.000)
RGBA(0.891, 0.907, 0.055, 1.000)
RGBA(0.526, 0.103, 0.357, 1.000)
RGBA(0.868, 0.397, 0.128, 1.000)
RGBA(0.000, 0.000, 1.000, 1.000)
RGBA(0.891, 0.907, 0.055, 1.000)
RGBA(0.891, 0.907, 0.055, 1.000)
RGBA(0.868, 0.397, 0.128, 1.000)
RGBA(0.891, 0.907, 0.055, 1.000)
RGBA(0.000, 0.000, 1.000, 1.000)
RGBA(0.000, 0.000, 1.000, 1.000)
RGBA(0.000, 0.000, 1.000, 1.000)
